 PDBe Fold v2.59. (src3) 14 Apr 2014 result file.

                   RESULT SUMMARY

   ##      Q-score      P-score     Z-score   RMSD    Nalgn Nsse Ngaps Seq-%     Nmd Nres-Q Nsse-Q Nres-T Nsse-T Query Target
    1           1       49.88       21.22     0.000   180   12    0           1    0    180     12    180     12    PDB 1dlh:A  PDB 1dlh:A
    2      0.9863       27.83       15.76     0.353   180   11    0           1    0    180     12    180     12    PDB 1dlh:A  PDB 1dlh:D
    3      0.9839       31.21       16.72     0.384   180   11    0           1    0    180     12    180     12    PDB 1dlh:A  PDB 1kg0:A
    4      0.9829       27.27       15.72     0.325   179   12    0           1    0    180     12    179     13    PDB 1dlh:A  PDB 1aqd:A
    5      0.9827       30.03        16.5     0.327   179   12    0           1    0    180     12    179     13    PDB 1dlh:A  PDB 1t5w:D
    6      0.9783       33.39        17.3     0.447   180   12    0           1    0    180     12    180     12    PDB 1dlh:A  PDB 1hxy:A
    7      0.9765       30.24       16.56     0.407   179   11    0           1    0    180     12    179     13    PDB 1dlh:A  PDB 2ipk:A
    8      0.9747       24.07       15.92     0.427   179   11    0           1    0    180     12    179     12    PDB 1dlh:A  PDB 1lo5:A
    9      0.9736       29.68        16.4     0.376   179   12    0           1    0    180     12    180     13    PDB 1dlh:A  PDB 1t5w:A
   10      0.9729       30.03        16.5     0.310   177   12    0           1    0    180     12    177     13    PDB 1dlh:A  PDB 1aqd:G
   11      0.9706       30.29       16.46     0.470   179   11    0           1    0    180     12    179     12    PDB 1dlh:A  PDB 1sjh:A
   12      0.9699        29.9       16.46     0.420   179   11    0           1    0    180     12    180     13    PDB 1dlh:A  PDB 1sje:A
   13      0.9698        29.8       16.44     0.356   179   12    0           1    0    180     12    181     13    PDB 1dlh:A  PDB 1seb:E
   14      0.9694       29.58       16.37     0.426   179   11    0           1    0    180     12    180     13    PDB 1dlh:A  PDB 1j8h:A
   15      0.9688       31.73       16.86     0.539   180   12    0           1    0    180     12    180     12    PDB 1dlh:A  PDB 1jws:A
   16      0.9687       30.29       16.46     0.433   179   11    0           1    0    180     12    180     12    PDB 1dlh:A  PDB 1jwu:A
   17      0.9676       29.46       16.34     0.382   177   12    0           1    0    180     12    177     13    PDB 1dlh:A  PDB 1aqd:J
   18      0.9676       25.52        15.2     0.500   179   11    0      0.9832    0    180     12    179     13    PDB 1dlh:A  PDB 2icw:A
   19       0.967       25.52        15.2     0.505   179   11    0      0.9832    0    180     12    179     13    PDB 1dlh:A  PDB 2icw:D
   20      0.9669       27.01       15.64     0.453   179   11    0           1    0    180     12    180     13    PDB 1dlh:A  PDB 1bx2:A
   21      0.9669       26.91       15.61     0.453   179   11    0      0.9832    0    180     12    180     13    PDB 1dlh:A  PDB 2oje:E
   22      0.9667       25.44       15.18     0.454   179   11    0           1    0    180     12    180     13    PDB 1dlh:A  PDB 1h15:A
   23      0.9663       27.64       15.82     0.561   180   12    0           1    0    180     12    180     13    PDB 1dlh:A  PDB 1jwm:A
   24      0.9661       29.34       16.31     0.403   179   12    0           1    0    180     12    181     13    PDB 1dlh:A  PDB 1seb:A
   25       0.965       32.99        17.3     0.413   178   12    0           1    0    180     12    179     13    PDB 1dlh:A  PDB 1t5x:A
   26      0.9648       25.44       15.18     0.475   179   11    0           1    0    180     12    180     13    PDB 1dlh:A  PDB 1fyt:A
   27      0.9647       29.23       16.28     0.417   177   12    0           1    0    180     12    177     13    PDB 1dlh:A  PDB 1aqd:D
   28      0.9645       29.34       16.31     0.478   179   12    0           1    0    180     12    180     13    PDB 1dlh:A  PDB 1bx2:D
   29      0.9636       31.93       17.02     0.486   178   12    0           1    0    180     12    178     13    PDB 1dlh:A  PDB 2g9h:A
   30      0.9624       29.73       16.42     0.443   178   11    0           1    0    180     12    179     13    PDB 1dlh:A  PDB 1klu:A
   31       0.962        28.6        16.1     0.502   178   11    0           1    0    180     12    178     13    PDB 1dlh:A  PDB 1d5z:A
   32      0.9619       31.59       16.82     0.552   179   12    0           1    0    180     12    179     12    PDB 1dlh:A  PDB 1fv1:A
   33      0.9619          29        16.1     0.448   177   11    0           1    0    180     12    177     12    PDB 1dlh:A  PDB 1klg:A
   34      0.9618       27.21       15.58     0.449   178   11    0           1    0    180     12    179     12    PDB 1dlh:A  PDB 1pyw:A
   35      0.9615       26.27       15.31     0.555   179   11    0           1    0    180     12    179     12    PDB 1dlh:A  PDB 2ian:K
   36      0.9601       26.91       15.61     0.468   179   11    0      0.9832    0    180     12    181     13    PDB 1dlh:A  PDB 1r5i:E
   37      0.9593       26.62       15.53     0.528   179   11    0      0.9832    0    180     12    180     13    PDB 1dlh:A  PDB 2oje:A
   38      0.9581       32.79       17.25     0.431   178   12    0           1    0    180     12    180     13    PDB 1dlh:A  PDB 2seb:A
   39      0.9562       31.59       16.82     0.555   178   12    0           1    0    180     12    178     12    PDB 1dlh:A  PDB 1fv1:D
   40      0.9547       31.19       16.82     0.520   177   12    0           1    0    180     12    177     13    PDB 1dlh:A  PDB 1d6e:A
   41      0.9541       27.72       15.73     0.617   179   11    0           1    0    180     12    179     12    PDB 1dlh:A  PDB 2ian:F
   42      0.9538       25.27       15.12     0.576   178   11    0           1    0    180     12    178     13    PDB 1dlh:A  PDB 1d5m:A
   43      0.9531       22.56       14.16     0.582   179   11    0           1    0    180     12    180     12    PDB 1dlh:A  PDB 1h15:D
   44      0.9529       25.58        15.1     0.583   178   11    0           1    0    180     12    178     12    PDB 1dlh:A  PDB 2ian:A
   45      0.9495       24.78       14.98     0.611   178   11    0      0.8989    0    180     12    178     13    PDB 1dlh:A  PDB 2fse:A
   46       0.949       26.62       15.53     0.572   179   11    0      0.9832    0    180     12    181     13    PDB 1dlh:A  PDB 1r5i:A
   47      0.9483       28.05       15.83     0.662   179   11    0           1    0    180     12    179     12    PDB 1dlh:A  PDB 2ian:P
   48       0.947       24.02       14.62     0.671   179   11    0           1    0    180     12    179     12    PDB 1dlh:A  PDB 2iam:A
   49      0.9469       22.73       14.55     0.631   178   11    0           1    0    180     12    178     12    PDB 1dlh:A  PDB 1zgl:G
   50      0.9457       24.84       14.87     0.641   178   12    0           1    0    180     12    178     12    PDB 1dlh:A  PDB 1zgl:A
   51      0.9451       27.76       15.75     0.646   178   12    0           1    0    180     12    178     12    PDB 1dlh:A  PDB 1zgl:J
   52      0.9442       25.17       14.98     0.611   178   11    0           1    0    180     12    179     12    PDB 1dlh:A  PDB 1d5x:A
   53      0.9437       27.44       15.82     0.656   178   12    0           1    0    180     12    178     13    PDB 1dlh:A  PDB 1zgl:D
   54      0.9421       24.94        14.9     0.584   176   11    0           1    0    180     12    176     12    PDB 1dlh:A  PDB 1a6a:A
   55      0.9417       25.35       15.15     0.631   177   11    0       0.904    0    180     12    177     13    PDB 1dlh:A  PDB 2fse:C
   56      0.9386       21.08       14.01     0.695   178   11    1           1    0    180     12    178     12    PDB 1dlh:A  PDB 1hqr:A
   57      0.9308       30.15       16.53     0.676   179   12    0      0.7933    0    180     12    182     13    PDB 1dlh:A  PDB 1iea:C
   58        0.93       30.15       16.53     0.682   179   12    0      0.7989    0    180     12    182     13    PDB 1dlh:A  PDB 1fng:C
   59      0.9289       30.15       16.53     0.690   179   12    0      0.7933    0    180     12    182     13    PDB 1dlh:A  PDB 1iea:A
   60      0.9285       30.15       16.53     0.693   179   12    0      0.7989    0    180     12    182     13    PDB 1dlh:A  PDB 1fne:C
   61      0.9265       28.02       15.93     0.708   179   12    0      0.7933    0    180     12    182     13    PDB 1dlh:A  PDB 1ieb:C
   62      0.9264       24.59       14.92     0.709   179   11    0      0.7933    0    180     12    182     13    PDB 1dlh:A  PDB 1ieb:A
   63      0.9239       27.37       15.75     0.726   179   12    0      0.7989    0    180     12    182     13    PDB 1dlh:A  PDB 1kt2:C
   64      0.9193       26.08       15.37     0.759   179   12    0      0.7877    0    180     12    182     13    PDB 1dlh:A  PDB 1i3r:C
   65      0.9187       28.51       16.13     0.689   178   12    0      0.8034    0    180     12    182     14    PDB 1dlh:A  PDB 1fng:A
   66       0.918        28.4        16.1     0.767   179   12    0      0.7989    0    180     12    182     14    PDB 1dlh:A  PDB 1fne:A
   67      0.9173       30.45       16.67     0.772   179   12    0      0.7989    0    180     12    182     14    PDB 1dlh:A  PDB 1kt2:A
   68      0.9161       27.72       15.91     0.780   179   12    0      0.7877    0    180     12    182     14    PDB 1dlh:A  PDB 1i3r:E
   69       0.916       30.92       16.74     0.781   179   12    0      0.7933    0    180     12    182     13    PDB 1dlh:A  PDB 1ktd:C
   70      0.9144       27.83       15.88     0.791   179   12    0      0.7933    0    180     12    182     13    PDB 1dlh:A  PDB 1ktd:A
   71      0.9143       25.23       15.17     0.792   179   12    0      0.7877    0    180     12    182     14    PDB 1dlh:A  PDB 1i3r:G
   72      0.9136       28.82       16.22     0.861   179   12    0      0.7989    0    180     12    180     14    PDB 1dlh:A  PDB 1r5v:C
   73      0.9102       30.65       16.67     0.750   178   12    0      0.7921    0    180     12    182     13    PDB 1dlh:A  PDB 1i3r:A
   74      0.9057        26.2       15.46     0.847   178   12    1      0.8034    0    180     12    180     14    PDB 1dlh:A  PDB 1r5w:C
   75      0.9044       26.12       15.44     0.855   178   12    1      0.8034    0    180     12    180     14    PDB 1dlh:A  PDB 1r5w:A
   76      0.9022       22.15       14.15     0.735   177   12    1           1    0    180     12    182     13    PDB 1dlh:A  PDB 1ymm:A
   77      0.9013       27.91       15.96     0.935   179   12    0      0.7989    0    180     12    180     14    PDB 1dlh:A  PDB 1r5v:A
   78      0.8935       21.89       14.14     0.952   179   11    1      0.5642    0    180     12    181     14    PDB 1dlh:A  PDB 1jk8:A
   79      0.8912       24.44       14.87     0.937   179   12    1      0.5531    0    180     12    182     13    PDB 1dlh:A  PDB 1iak:A
   80      0.8868       24.44       14.87     1.018   178   12    0      0.5562    0    180     12    178     13    PDB 1dlh:A  PDB 1jl4:A
   81      0.8851       12.77       10.52     0.884   178   11    2      0.5618    0    180     12    183     14    PDB 1dlh:A  PDB 1d9k:G
   82      0.8806       21.96       14.09     0.998   179   11    1      0.5307    0    180     12    182     13    PDB 1dlh:A  PDB 1u3h:G
   83      0.8788       24.54       14.97     0.951   178   12    1      0.5562    0    180     12    182     14    PDB 1dlh:A  PDB 1es0:A
   84      0.8764       23.66       14.69     1.022   179   12    1      0.5363    0    180     12    182     14    PDB 1dlh:A  PDB 1k2d:A
   85      0.8739       21.31       13.94     1.036   179   11    1      0.5363    0    180     12    182     14    PDB 1dlh:A  PDB 1u3h:C
   86      0.8726       19.27        13.2     1.016   179   11    1      0.5531    0    180     12    183     13    PDB 1dlh:A  PDB 1d9k:C
   87      0.8681       19.27        13.2     1.068   179   11    1      0.5531    0    180     12    182     13    PDB 1dlh:A  PDB 1lnu:G
   88       0.868       19.27        13.2     1.068   179   11    1      0.5531    0    180     12    182     13    PDB 1dlh:A  PDB 1lnu:E
   89      0.8678       19.22       13.18     1.069   179   11    1      0.5531    0    180     12    182     13    PDB 1dlh:A  PDB 1lnu:A
   90      0.8677       19.22       13.18     1.070   179   11    1      0.5531    0    180     12    182     13    PDB 1dlh:A  PDB 1lnu:C
   91      0.8667       20.61       13.72     1.075   179   11    1      0.5642    0    180     12    182     13    PDB 1dlh:A  PDB 1f3j:D
   92      0.8625       20.76        13.7     1.098   179   11    1      0.5642    0    180     12    182     12    PDB 1dlh:A  PDB 1f3j:A
   93      0.8571       23.92       14.71     0.998   179   11    1      0.5587    0    180     12    187     12    PDB 1dlh:A  PDB 2iad:A
   94      0.8516       21.24       13.86     1.130   177   12    1       0.548    0    180     12    179     13    PDB 1dlh:A  PDB 1s9v:A
   95      0.8506       21.77       14.03     1.033   178   11    2      0.5506    0    180     12    185     14    PDB 1dlh:A  PDB 1muj:A
   96      0.8479       21.18       13.84     1.097   175   12    1      0.5486    0    180     12    177     13    PDB 1dlh:A  PDB 1s9v:D
   97      0.8278       19.51       13.35     1.106   176   12    1      0.5568    0    180     12    183     14    PDB 1dlh:A  PDB 1uvq:A
   98      0.8242       17.49       12.42     1.148   174   11    2      0.5747    0    180     12    178     12    PDB 1dlh:A  PDB 1iao:A
   99      0.5805       14.02       11.38     1.812   162   12    9      0.2469    0    180     12    184     13    PDB 1dlh:A  PDB 1hdm:A
  100      0.5671       12.76       11.01     1.863   160   11   10      0.2562    0    180     12    181     14    PDB 1dlh:A  PDB 1k8i:A
  101      0.9793       29.13       16.25     0.436   180   12    0           1    0    180     12    180     13    PDB 1dlh:A  PDB 4ov5:A
  102      0.9769       31.01       16.66     0.461   180   11    0      0.9944    0    180     12    180     12    PDB 1dlh:A  PDB 6cqj:A
  103      0.9761        33.4       17.41     0.343   178   12    0      0.9944    0    180     12    178     13    PDB 1dlh:A  PDB 3s5l:A
  104      0.9758       29.13       16.25     0.414   179   12    0           1    0    180     12    179     13    PDB 1dlh:A  PDB 4ov5:D
  105      0.9757       31.21       16.72     0.415   179   11    0      0.9944    0    180     12    179     12    PDB 1dlh:A  PDB 3s5l:D
  106      0.9739       25.96       15.33     0.436   179   11    0           1    0    180     12    179     13    PDB 1dlh:A  PDB 4h26:A
  107      0.9735       31.05       16.78     0.495   180   12    0      0.9944    0    180     12    180     13    PDB 1dlh:A  PDB 4md5:A
  108      0.9735       32.26       17.11     0.440   179   12    0           1    0    180     12    179     13    PDB 1dlh:A  PDB 3qxa:A
  109      0.9734       30.64       16.56     0.496   180   11    0      0.9944    0    180     12    180     12    PDB 1dlh:A  PDB 6cqj:G
  110      0.9733       33.19       17.25     0.380   178   12    0      0.9944    0    180     12    178     12    PDB 1dlh:A  PDB 3s4s:A
  111      0.9728       31.63       16.94     0.448   179   12    0           1    0    180     12    179     13    PDB 1dlh:A  PDB 4mdj:A
  112      0.9727       30.61       16.66     0.387   178   11    0      0.9944    0    180     12    178     13    PDB 1dlh:A  PDB 3l6f:A
  113      0.9722       25.96       15.33     0.454   179   11    0           1    0    180     12    179     13    PDB 1dlh:A  PDB 4mcz:A
  114      0.9722       26.05       15.36     0.454   179   11    0           1    0    180     12    179     13    PDB 1dlh:A  PDB 4md0:A
  115      0.9722       30.13       16.42     0.454   180   11    0      0.9944    0    180     12    181     12    PDB 1dlh:A  PDB 5lax:A
  116      0.9715       25.96       15.33     0.461   179   11    0           1    0    180     12    179     13    PDB 1dlh:A  PDB 4mdi:A
  117      0.9704       31.34       16.86     0.472   179   12    0           1    0    180     12    179     13    PDB 1dlh:A  PDB 4mcy:A
  118      0.9703       30.24       16.56     0.416   179   11    0           1    0    180     12    180     13    PDB 1dlh:A  PDB 5jlz:A
  119      0.9693       28.73       16.14     0.483   179   11    0           1    0    180     12    179     13    PDB 1dlh:A  PDB 6bin:A
  120      0.9693       31.34       16.86     0.534   180   12    0           1    0    180     12    180     13    PDB 1dlh:A  PDB 4h25:A
  121      0.9692       28.51       16.07     0.485   179   12    0           1    0    180     12    179     13    PDB 1dlh:A  PDB 3qxa:D
  122      0.9686       26.24       15.41     0.491   179   11    0           1    0    180     12    179     13    PDB 1dlh:A  PDB 6biz:A
  123      0.9684       29.13       16.14     0.492   179   11    0           1    0    180     12    179     12    PDB 1dlh:A  PDB 4h26:D
  124      0.9678       31.21       16.72     0.444   180   11    0      0.9944    0    180     12    182     12    PDB 1dlh:A  PDB 6cqj:D
  125      0.9678       27.21       15.58     0.444   179   11    0      0.9944    0    180     12    180     12    PDB 1dlh:A  PDB 4i5b:A
  126      0.9677       30.64       16.56     0.444   178   11    0      0.9944    0    180     12    178     12    PDB 1dlh:A  PDB 3qxd:A
  127      0.9668       26.14       15.39     0.454   178   11    0           1    0    180     12    178     13    PDB 1dlh:A  PDB 6nix:A
  128      0.9666       32.26       17.11     0.456   178   12    0           1    0    180     12    178     13    PDB 1dlh:A  PDB 5v4m:A
  129      0.9663       29.43       16.33     0.460   180   11    0      0.9944    0    180     12    182     13    PDB 1dlh:A  PDB 4md4:A
  130      0.9663       29.02       16.22     0.459   178   12    0           1    0    180     12    178     13    PDB 1dlh:A  PDB 5v4m:J
  131      0.9654       28.51       16.07     0.468   178   12    0           1    0    180     12    178     13    PDB 1dlh:A  PDB 6bix:A
  132      0.9647       32.26       17.11     0.417   177   12    0           1    0    180     12    177     13    PDB 1dlh:A  PDB 6bij:A
  133      0.9643       30.06       16.51     0.479   178   11    0           1    0    180     12    178     13    PDB 1dlh:A  PDB 3pgc:D
  134      0.9642       30.06       16.51     0.481   180   11    0      0.9944    0    180     12    182     13    PDB 1dlh:A  PDB 6cpn:A
  135      0.9642       26.24       15.41     0.531   179   11    0           1    0    180     12    179     13    PDB 1dlh:A  PDB 4ov5:M
  136      0.9641       27.85       15.77     0.481   178   12    0           1    0    180     12    178     12    PDB 1dlh:A  PDB 4c56:D
  137      0.9638       32.43       17.15     0.484   178   12    0           1    0    180     12    178     13    PDB 1dlh:A  PDB 3c5j:A
  138      0.9636       28.81       16.16     0.486   178   12    0           1    0    180     12    178     13    PDB 1dlh:A  PDB 5v4m:D
  139      0.9636       26.33       15.44     0.486   179   11    0           1    0    180     12    180     13    PDB 1dlh:A  PDB 6cpl:A
  140      0.9634       26.54       15.39     0.432   178   11    0           1    0    180     12    179     12    PDB 1dlh:A  PDB 4ov5:G
  141      0.9628       32.33       17.02     0.438   177   12    0           1    0    180     12    177     12    PDB 1dlh:A  PDB 4ah2:A
  142      0.9628       21.72       13.88     0.494   178   11    0           1    0    180     12    178     12    PDB 1dlh:A  PDB 6cqq:F
  143      0.9627       28.71       16.13     0.495   178   12    0           1    0    180     12    178     13    PDB 1dlh:A  PDB 5v4m:G
  144      0.9625       25.87       15.31     0.497   178   11    0           1    0    180     12    178     13    PDB 1dlh:A  PDB 6biy:A
  145      0.9622       28.51       16.07     0.500   179   12    0           1    0    180     12    180     13    PDB 1dlh:A  PDB 6hby:D
  146      0.9616       32.09       17.06     0.451   177   12    0           1    0    180     12    177     13    PDB 1dlh:A  PDB 4ov5:J
  147      0.9614       26.41       15.46     0.508   178   12    0           1    0    180     12    178     13    PDB 1dlh:A  PDB 3pgd:A
  148      0.9611       26.62       15.53     0.456   177   11    0           1    0    180     12    177     13    PDB 1dlh:A  PDB 6v15:A
  149      0.9609          29       16.21     0.560   179   11    0           1    0    180     12    179     13    PDB 1dlh:A  PDB 4e41:A
  150      0.9609       25.96       15.33     0.459   177   11    0           1    0    180     12    177     13    PDB 1dlh:A  PDB 6bil:A
  151      0.9607       26.36       15.33     0.514   178   11    0           1    0    180     12    178     12    PDB 1dlh:A  PDB 6cqq:A
  152      0.9607       28.61       15.99     0.514   179   12    0           1    0    180     12    180     12    PDB 1dlh:A  PDB 5nig:A
  153      0.9605       25.96       15.33     0.515   178   11    0           1    0    180     12    178     13    PDB 1dlh:A  PDB 6biv:B
  154      0.9605       17.01       12.42     0.516   178   10    0           1    0    180     12    178     11    PDB 1dlh:A  PDB 3o6f:A
  155        0.96       26.52        15.5     0.468   178   11    0           1    0    180     12    179     13    PDB 1dlh:A  PDB 7n19:A
  156      0.9597       26.62       15.53     0.471   178   11    0           1    0    180     12    179     13    PDB 1dlh:A  PDB 7n19:D
  157      0.9593       26.27       15.31     0.475   178   11    0           1    0    180     12    179     12    PDB 1dlh:A  PDB 6cqr:A
  158      0.9591       23.63       14.62     0.576   179   11    0      0.9944    0    180     12    179     13    PDB 1dlh:A  PDB 5v4n:A
  159      0.9583        29.9       16.46     0.485   178   11    0           1    0    180     12    179     13    PDB 1dlh:A  PDB 7n19:J
  160      0.9582       32.66       17.11     0.487   178   12    0           1    0    180     12    179     12    PDB 1dlh:A  PDB 7n19:G
  161      0.9581       24.97       14.97     0.538   178   12    0           1    0    180     12    178     13    PDB 1dlh:A  PDB 4h1l:A
  162      0.9581       23.49       14.51     0.538   178   11    0           1    0    180     12    178     13    PDB 1dlh:A  PDB 4h1l:D
  163      0.9577       23.48       14.58     0.542   178   11    0           1    0    180     12    178     13    PDB 1dlh:A  PDB 6cqn:A
  164      0.9575       30.52       16.64     0.589   179   12    0           1    0    180     12    179     13    PDB 1dlh:A  PDB 4ov5:P
  165      0.9574       32.61        17.2     0.439   178   12    0      0.9944    0    180     12    180     13    PDB 1dlh:A  PDB 3s4s:D
  166      0.9567       26.33       15.44     0.551   178   11    0           1    0    180     12    178     13    PDB 1dlh:A  PDB 6cql:A
  167      0.9563       28.71       16.13     0.450   177   12    0           1    0    180     12    178     13    PDB 1dlh:A  PDB 6v13:A
  168      0.9562        24.7       14.95     0.600   179   11    0      0.9944    0    180     12    179     13    PDB 1dlh:A  PDB 5v4n:D
  169      0.9543       28.41       15.93     0.523   177   12    0           1    0    180     12    177     12    PDB 1dlh:A  PDB 6bir:A
  170      0.9542       26.36       15.33     0.572   178   11    0           1    0    180     12    178     12    PDB 1dlh:A  PDB 4c56:J
  171      0.9541       27.18       15.69     0.525   178   12    0           1    0    180     12    179     13    PDB 1dlh:A  PDB 3pgd:D
  172      0.9541       27.58       15.69     0.526   178   12    0           1    0    180     12    179     12    PDB 1dlh:A  PDB 5ni9:A
  173       0.954       27.92       15.91     0.659   180   12    0           1    0    180     12    180     13    PDB 1dlh:A  PDB 2q6w:D
  174      0.9522       25.27       15.12     0.493   178   11    0           1    0    180     12    180     13    PDB 1dlh:A  PDB 6v1a:A
  175      0.9511       28.71       16.02     0.553   177   12    0           1    0    180     12    177     12    PDB 1dlh:A  PDB 6v19:A
  176       0.951       21.95       13.86     0.554   178   10    0           1    0    180     12    179     12    PDB 1dlh:A  PDB 3o6f:E
  177      0.9505       29.26       16.17     0.558   178   11    0           1    0    180     12    179     12    PDB 1dlh:A  PDB 4is6:A
  178      0.9489       25.96       15.33     0.616   178   11    0      0.9944    0    180     12    178     13    PDB 1dlh:A  PDB 3qxd:D
  179      0.9487       27.64       15.82     0.525   177   12    0           1    0    180     12    178     13    PDB 1dlh:A  PDB 6hby:A
  180      0.9485       28.23       15.99     0.619   178   11    0           1    0    180     12    178     13    PDB 1dlh:A  PDB 2xn9:D
  181       0.945       27.01       15.64     0.605   177   12    0           1    0    180     12    177     13    PDB 1dlh:A  PDB 3pgc:A
  182       0.944       26.45       15.36     0.567   177   11    1           1    0    180     12    178     12    PDB 1dlh:A  PDB 6cpo:A
  183      0.9439       27.73       15.85     0.521   177   12    0           1    0    180     12    179     13    PDB 1dlh:A  PDB 6v18:A
  184      0.9431       30.19       16.44     0.700   179   12    0           1    0    180     12    179     12    PDB 1dlh:A  PDB 4e41:F
  185      0.9425       23.85       14.69     0.625   178   11    0           1    0    180     12    179     13    PDB 1dlh:A  PDB 4x5x:A
  186      0.9409       28.21       15.99     0.595   178   12    0           1    0    180     12    180     13    PDB 1dlh:A  PDB 4h25:D
  187      0.9396       24.86          15     0.725   179   11    0           1    0    180     12    179     13    PDB 1dlh:A  PDB 2q6w:A
  188       0.939       30.81       16.72     0.476   180   11    0      0.9944    0    180     12    187     13    PDB 1dlh:A  PDB 4i5b:D
  189      0.9384       26.45       15.36     0.571   177   11    1           1    0    180     12    179     12    PDB 1dlh:A  PDB 6cpo:D
  190      0.9383       19.39       13.49     0.697   178   11    0           1    0    180     12    178     12    PDB 1dlh:A  PDB 3t0e:A
  191      0.9372       26.63       15.41     0.581   177   11    1           1    0    180     12    179     12    PDB 1dlh:A  PDB 5jlz:C
  192      0.9371       31.31       16.74     0.625   177   12    1           1    0    180     12    178     12    PDB 1dlh:A  PDB 2wbj:A
  193      0.9364       27.67       15.72     0.540   176   12    1           1    0    180     12    178     12    PDB 1dlh:A  PDB 4aen:A
  194      0.9364       24.12       14.65     0.587   175   12    1           1    0    180     12    175     12    PDB 1dlh:A  PDB 6v0y:A
  195      0.9353       26.81       15.58     0.680   177   11    0           1    0    180     12    177     13    PDB 1dlh:A  PDB 4x5x:C
  196       0.934       27.27       15.72     0.690   178   12    0      0.8034    0    180     12    179     13    PDB 1dlh:A  PDB 3qiw:A
  197      0.9336       27.18       15.69     0.692   178   12    0      0.8034    0    180     12    179     13    PDB 1dlh:A  PDB 3qiu:A
  198      0.9323       23.88       14.58     0.702   178   11    0           1    0    180     12    179     12    PDB 1dlh:A  PDB 6cqr:F
  199        0.93       31.05       16.67     0.639   176   12    1           1    0    180     12    177     12    PDB 1dlh:A  PDB 2wbj:E
  200      0.9288       28.04       15.82     0.763   178   12    0           1    0    180     12    178     12    PDB 1dlh:A  PDB 4y1a:A
  201      0.9285        26.1       15.25     0.652   177   11    1           1    0    180     12    179     12    PDB 1dlh:A  PDB 4y19:A
  202      0.9269       23.95        14.6     0.579   176   11    1           1    0    180     12    179     12    PDB 1dlh:A  PDB 5lax:C
  203      0.9194       26.66       15.54     0.560   178   12    0           1    0    180     12    185     13    PDB 1dlh:A  PDB 3pdo:A
  204      0.9188       26.56       15.39     0.687   177   12    0      0.8079    0    180     12    180     12    PDB 1dlh:A  PDB 3qib:A
  205       0.899       24.82       15.05     0.825   177   11    2      0.6441    0    180     12    180     14    PDB 1dlh:A  PDB 4p57:C
  206      0.8982       21.39       13.68     0.833   179   10    1      0.5642    0    180     12    184     14    PDB 1dlh:A  PDB 3mbe:E
  207      0.8982       21.39       13.68     0.833   179   10    1      0.5642    0    180     12    184     14    PDB 1dlh:A  PDB 3mbe:A
  208      0.8969        25.7       15.25     0.771   176   11    2      0.6477    0    180     12    180     13    PDB 1dlh:A  PDB 4p5m:G
  209      0.8966       29.34       16.31     0.654   172   12    1       0.814    0    180     12    175     13    PDB 1dlh:A  PDB 4p2o:A
  210      0.8959       23.05       14.44     0.812   177   11    2      0.6497    0    180     12    181     13    PDB 1dlh:A  PDB 3wex:E
  211      0.8958       26.08       15.37     0.845   177   12    0      0.8079    0    180     12    180     13    PDB 1dlh:A  PDB 4p2r:F
  212      0.8958       22.64       14.37     0.813   177   11    2      0.6441    0    180     12    181     14    PDB 1dlh:A  PDB 4p4k:E
  213      0.8955       25.99       15.34     0.848   177   12    0      0.8079    0    180     12    180     13    PDB 1dlh:A  PDB 4p2q:F
  214      0.8953        23.7       14.64     0.780   175   11    2      0.6514    0    180     12    178     13    PDB 1dlh:A  PDB 4p4r:A
  215      0.8951        23.7       14.64     0.781   175   11    2      0.6514    0    180     12    178     13    PDB 1dlh:A  PDB 4p4r:C
  216      0.8934       23.13       14.53     0.793   175   11    2      0.6514    0    180     12    178     14    PDB 1dlh:A  PDB 4p4k:A
  217      0.8929       18.73       13.08     0.927   179   11    1      0.5531    0    180     12    182     14    PDB 1dlh:A  PDB 3c60:C
  218      0.8929       21.83       14.11     0.926   178   11    1      0.5674    0    180     12    180     14    PDB 1dlh:A  PDB 4z7v:C
  219      0.8925       21.76       14.09     0.928   178   11    1      0.5674    0    180     12    180     14    PDB 1dlh:A  PDB 4z7v:A
  220      0.8922       25.23       15.18     0.803   176   11    2      0.6477    0    180     12    180     14    PDB 1dlh:A  PDB 4p5m:A
  221      0.8916       24.24       14.87     0.840   177   12    0           1    0    180     12    181     14    PDB 1dlh:A  PDB 4x5w:A
  222      0.8916       22.09        14.2     0.935   180   11    1      0.5556    0    180     12    184     14    PDB 1dlh:A  PDB 6xc9:A
  223      0.8911       18.67       13.06     0.937   179   11    1      0.5531    0    180     12    182     14    PDB 1dlh:A  PDB 3c60:G
  224      0.8907        22.5       14.33     0.847   177   11    2      0.6497    0    180     12    181     14    PDB 1dlh:A  PDB 3wex:C
  225      0.8894       29.46       16.34     0.754   176   12    2      0.7955    0    180     12    182     13    PDB 1dlh:A  PDB 6bga:A
  226      0.8885       22.34       14.28     0.952   179   12    1      0.5307    0    180     12    182     14    PDB 1dlh:A  PDB 2p24:A
  227       0.887          24       14.74     0.870   177   11    2      0.6441    0    180     12    181     13    PDB 1dlh:A  PDB 4p5k:A
  228      0.8853       21.96       14.16     0.942   178   11    1      0.5674    0    180     12    181     14    PDB 1dlh:A  PDB 4z7w:A
  229      0.8846       22.09        14.2     0.916   178   11    1      0.5674    0    180     12    182     14    PDB 1dlh:A  PDB 2nna:A
  230      0.8845       21.96       14.16     0.946   178   11    1      0.5674    0    180     12    181     14    PDB 1dlh:A  PDB 4z7w:C
  231      0.8844       25.51        15.2     0.946   177   12    0      0.8079    0    180     12    179     13    PDB 1dlh:A  PDB 4p2q:P
  232      0.8843       22.03       14.18     0.948   178   11    1      0.6404    0    180     12    181     14    PDB 1dlh:A  PDB 4p5k:D
  233      0.8841          18       12.83     0.950   179   11    1      0.5642    0    180     12    183     13    PDB 1dlh:A  PDB 4d8p:C
  234      0.8837       25.51        15.2     0.950   177   12    0      0.8079    0    180     12    179     13    PDB 1dlh:A  PDB 4p2r:P
  235      0.8832       21.96       14.16     0.894   177   11    2      0.6497    0    180     12    181     14    PDB 1dlh:A  PDB 3wex:G
  236      0.8825       24.49       14.95     0.866   176   11    2      0.6477    0    180     12    180     14    PDB 1dlh:A  PDB 4p5m:C
  237      0.8813       20.99       13.84     0.995   180   11    1      0.5611    0    180     12    184     13    PDB 1dlh:A  PDB 4d8p:A
  238      0.8799       19.55       13.41     1.002   179   12    1      0.5587    0    180     12    182     15    PDB 1dlh:A  PDB 3c6l:C
  239      0.8793        22.1       14.14     0.885   175   11    2      0.6514    0    180     12    178     13    PDB 1dlh:A  PDB 4p57:A
  240      0.8792       24.18       14.85     0.887   176   11    2      0.6477    0    180     12    180     14    PDB 1dlh:A  PDB 4p5m:E
  241       0.879          24       14.74     0.920   177   11    2      0.6497    0    180     12    181     13    PDB 1dlh:A  PDB 3wex:A
  242      0.8789       21.76       14.09     0.950   178   11    1      0.5674    0    180     12    182     14    PDB 1dlh:A  PDB 4z7u:C
  243      0.8777        21.9       14.07     0.958   178   11    1      0.5618    0    180     12    182     13    PDB 1dlh:A  PDB 6xco:A
  244      0.8776       21.69       14.07     0.958   178   11    1      0.5674    0    180     12    182     14    PDB 1dlh:A  PDB 4z7u:A
  245      0.8757       21.96       14.16     0.970   178   11    1      0.5618    0    180     12    182     14    PDB 1dlh:A  PDB 6xc9:F
  246      0.8745       21.44       13.92     0.975   177   12    1      0.5424    0    180     12    180     13    PDB 1dlh:A  PDB 7sg1:A
  247      0.8724       22.03       14.11     0.960   177   11    1      0.5706    0    180     12    181     13    PDB 1dlh:A  PDB 4gg6:C
  248       0.872       22.08        14.2     1.018   178   12    1      0.5449    0    180     12    181     14    PDB 1dlh:A  PDB 6xp6:A
  249      0.8718       21.81       14.11     1.019   178   12    1      0.5449    0    180     12    181     14    PDB 1dlh:A  PDB 6mfg:C
  250      0.8718       22.43       14.24     1.019   178   11    1      0.6404    0    180     12    181     13    PDB 1dlh:A  PDB 3lqz:A
  251      0.8715       25.05       15.06     0.993   177   12    0      0.8079    0    180     12    180     13    PDB 1dlh:A  PDB 4p2q:K
  252      0.8714       19.57       13.06     0.875   176   10    2      0.5852    0    180     12    182     14    PDB 1dlh:A  PDB 6xcp:A
  253       0.871       25.05       15.06     0.996   177   12    0      0.8079    0    180     12    180     13    PDB 1dlh:A  PDB 4p2q:A
  254      0.8707       21.81       14.11     1.026   178   12    1      0.5449    0    180     12    181     14    PDB 1dlh:A  PDB 6u3o:E
  255      0.8706       25.36       15.15     0.998   177   12    0      0.8079    0    180     12    180     13    PDB 1dlh:A  PDB 4p2r:K
  256      0.8703        21.9       14.07     0.973   178   11    2      0.5562    0    180     12    183     13    PDB 1dlh:A  PDB 5ujt:A
  257      0.8698       20.81       13.72     0.948   178   12    1      0.5281    0    180     12    184     13    PDB 1dlh:A  PDB 6kvm:A
  258      0.8693       25.59       15.22     1.005   177   12    0      0.8079    0    180     12    180     13    PDB 1dlh:A  PDB 4p2r:A
  259      0.8674        22.1       14.14     0.959   176   11    1      0.5739    0    180     12    180     13    PDB 1dlh:A  PDB 4gg6:A
  260      0.8674       22.14       14.22     1.017   177   12    1       0.548    0    180     12    180     14    PDB 1dlh:A  PDB 5ksv:A
  261      0.8672       21.42       13.98     1.071   177   12    1       0.548    0    180     12    178     14    PDB 1dlh:A  PDB 7sg2:F
  262      0.8671        21.5       13.94     1.046   178   12    1      0.5618    0    180     12    181     13    PDB 1dlh:A  PDB 4may:A
  263      0.8664       18.93       13.08     0.994   176   11    1      0.5568    0    180     12    179     13    PDB 1dlh:A  PDB 4p5t:G
  264      0.8662       20.93       13.76     1.024   178   12    1      0.5393    0    180     12    182     13    PDB 1dlh:A  PDB 5ksu:D
  265       0.866       13.57       11.25     0.877   175   11    1      0.5714    0    180     12    181     13    PDB 1dlh:A  PDB 6dfs:C
  266      0.8648       21.37        13.9     1.059   178   12    1      0.5449    0    180     12    181     13    PDB 1dlh:A  PDB 4ozg:A
  267      0.8644       21.69       14.01     1.061   178   12    1      0.5449    0    180     12    181     13    PDB 1dlh:A  PDB 6u3o:C
  268      0.8639       21.18        13.9     1.037   178   11    1      0.5674    0    180     12    182     14    PDB 1dlh:A  PDB 5ks9:C
  269      0.8638       21.81       14.11     1.038   178   12    1      0.5449    0    180     12    182     14    PDB 1dlh:A  PDB 5ksa:A
  270      0.8637       21.31       13.94     1.038   178   11    1      0.5674    0    180     12    182     14    PDB 1dlh:A  PDB 5ks9:A
  271      0.8635       21.31       13.94     1.066   178   11    1      0.5393    0    180     12    181     13    PDB 1dlh:A  PDB 4ozi:A
  272      0.8624       21.81       14.11     1.072   178   12    1      0.5449    0    180     12    181     14    PDB 1dlh:A  PDB 4ozf:A
  273      0.8623       20.85        13.8     1.073   178   12    1      0.5449    0    180     12    181     14    PDB 1dlh:A  PDB 4ozh:C
  274      0.8622       19.47        13.6     1.018   177   10    2      0.5424    0    180     12    181     13    PDB 1dlh:A  PDB 2z31:C
  275       0.862       17.17       12.31     0.961   175   10    1        0.56    0    180     12    179     12    PDB 1dlh:A  PDB 6mnm:C
  276      0.8611       21.23       13.92     1.079   178   12    1      0.5449    0    180     12    181     14    PDB 1dlh:A  PDB 4ozh:A
  277      0.8608       20.73       13.76     1.026   177   12    1      0.5424    0    180     12    181     14    PDB 1dlh:A  PDB 5ksb:C
  278      0.8606       20.25       13.53     1.054   176   12    2      0.5511    0    180     12    178     13    PDB 1dlh:A  PDB 7sg2:A
  279      0.8603       20.38       13.57     1.030   177   12    1      0.5424    0    180     12    181     13    PDB 1dlh:A  PDB 7sg1:F
  280      0.8598       21.42       13.98     1.086   178   12    1      0.5449    0    180     12    181     14    PDB 1dlh:A  PDB 6u3m:C
  281      0.8591       18.99        13.1     0.978   175   11    2        0.56    0    180     12    179     13    PDB 1dlh:A  PDB 4p5t:C
  282      0.8586       20.68       13.74     1.065   177   11    1       0.565    0    180     12    180     14    PDB 1dlh:A  PDB 6dfx:D
  283      0.8582       20.33       13.55     1.069   178   11    2      0.5618    0    180     12    182     13    PDB 1dlh:A  PDB 3c5z:C
  284      0.8575       21.13       13.82     1.047   178   11    1      0.5393    0    180     12    183     13    PDB 1dlh:A  PDB 2pxy:C
  285      0.8574       21.55       14.03     1.074   178   12    1      0.5449    0    180     12    182     14    PDB 1dlh:A  PDB 5ksu:A
  286      0.8568       21.56       13.96     1.102   178   12    1      0.5449    0    180     12    181     13    PDB 1dlh:A  PDB 6mfg:A
  287      0.8567        22.3        14.2     0.934   174   11    2       0.569    0    180     12    179     12    PDB 1dlh:A  PDB 6px6:A
  288      0.8559       15.94          12     1.133   179   10    1      0.5587    0    180     12    182     11    PDB 1dlh:A  PDB 3c6l:G
  289      0.8553       21.05       13.86     0.975   176   11    1      0.5625    0    180     12    182     14    PDB 1dlh:A  PDB 5ujt:G
  290      0.8542       21.36       13.96     1.090   177   12    1       0.548    0    180     12    180     14    PDB 1dlh:A  PDB 6mff:A
  291      0.8534       21.12       13.82     1.121   178   12    1      0.5449    0    180     12    181     13    PDB 1dlh:A  PDB 4ozi:C
  292       0.852       20.33       13.55     1.023   177   11    2      0.5254    0    180     12    183     13    PDB 1dlh:A  PDB 6zwa:A
  293      0.8517        21.1       13.88     1.130   178   12    1      0.5449    0    180     12    181     14    PDB 1dlh:A  PDB 6u3m:A
  294      0.8516       20.29       13.61     1.024   176   11    2      0.5455    0    180     12    181     14    PDB 1dlh:A  PDB 5ksb:A
  295      0.8515       20.49       13.68     1.051   176   11    1      0.5625    0    180     12    180     14    PDB 1dlh:A  PDB 6dfx:A
  296      0.8499       19.33       13.29     1.114   178   12    1      0.5618    0    180     12    182     14    PDB 1dlh:A  PDB 4grl:A
  297      0.8497       22.01       14.17     1.116   178   12    1      0.5674    0    180     12    182     14    PDB 1dlh:A  PDB 6blx:A
  298      0.8496       20.27       13.53     1.090   178   11    2      0.5225    0    180     12    183     13    PDB 1dlh:A  PDB 6t3y:A
  299      0.8486       21.04       13.86     1.121   177   12    1       0.548    0    180     12    180     14    PDB 1dlh:A  PDB 7sg0:A
  300      0.8485       22.03       14.11     1.069   177   11    3      0.5593    0    180     12    182     13    PDB 1dlh:A  PDB 3cup:A
  301      0.8483       20.51       13.62     1.095   176   11    1      0.5625    0    180     12    179     13    PDB 1dlh:A  PDB 4p46:C
  302      0.8463       20.51       13.62     1.106   176   11    1      0.5625    0    180     12    179     13    PDB 1dlh:A  PDB 3rdt:C
  303       0.845       22.97       14.29     1.033   175   11    3      0.9771    0    180     12    180     11    PDB 1dlh:A  PDB 4fqx:A
  304      0.8444       21.94       14.15     1.094   178   12    1      0.5674    0    180     12    184     14    PDB 1dlh:A  PDB 6blq:A
  305      0.8441       20.73       13.76     1.146   178   12    1      0.5449    0    180     12    182     14    PDB 1dlh:A  PDB 6xp6:D
  306      0.8438       21.63       14.05     0.986   175   11    2      0.5657    0    180     12    182     13    PDB 1dlh:A  PDB 6py2:A
  307      0.8437       22.69        14.2     0.924   173   11    3      0.9711    0    180     12    180     12    PDB 1dlh:A  PDB 4gbx:A
  308      0.8431        16.3       12.39     1.175   178   11    1      0.5449    0    180     12    181     12    PDB 1dlh:A  PDB 6u3n:A
  309      0.8406        20.8       13.78     1.086   176   11    1      0.5625    0    180     12    181     14    PDB 1dlh:A  PDB 5ujt:D
  310      0.8405       16.42       12.11     1.164   177   12    1       0.548    0    180     12    180     13    PDB 1dlh:A  PDB 4ozg:C
  311      0.8403       20.27       13.53     1.166   178   11    2      0.5618    0    180     12    182     13    PDB 1dlh:A  PDB 3c5z:G
  312      0.8401       20.27       13.53     1.140   176   11    1      0.5625    0    180     12    179     13    PDB 1dlh:A  PDB 4p23:C
  313      0.8381       20.17       13.57     1.177   178   12    1      0.5618    0    180     12    182     14    PDB 1dlh:A  PDB 7kei:A
  314      0.8339       22.35       14.22     1.100   177   12    2      0.5254    0    180     12    184     13    PDB 1dlh:A  PDB 7apz:A
  315      0.8268       21.64       13.99     1.137   176   11    3      0.5568    0    180     12    182     12    PDB 1dlh:A  PDB 3pl6:A
  316      0.8258       20.99       13.78     1.143   176   12    1      0.5625    0    180     12    182     13    PDB 1dlh:A  PDB 6blr:A
  317      0.8238       17.28       12.85     1.010   169   10    1      0.5503    0    180     12    173     12    PDB 1dlh:A  PDB 5dmk:C
  318      0.8225       17.47       12.48     1.047   170   11    2      0.5588    0    180     12    174     13    PDB 1dlh:A  PDB 6mnn:C
  319      0.8179        15.5       11.75     1.017   169   10    3      0.5562    0    180     12    174     12    PDB 1dlh:A  PDB 6mno:C
  320      0.8177       17.08       12.66     0.988   168   10    2      0.5476    0    180     12    173     11    PDB 1dlh:A  PDB 5dmk:E
  321      0.8136        18.8       13.11     1.304   178   12    1      0.5618    0    180     12    182     14    PDB 1dlh:A  PDB 6dig:A
  322      0.8086       18.34       13.22     1.098   168   10    1      0.5595    0    180     12    171     12    PDB 1dlh:A  PDB 5dmk:A
  323      0.8072       16.79       12.24     1.135   170   11    3      0.5647    0    180     12    174     13    PDB 1dlh:A  PDB 6mng:C
  324      0.8029       18.05       13.12     1.077   168   10    2      0.5536    0    180     12    173     13    PDB 1dlh:A  PDB 5dmk:G
  325      0.7918        18.2       12.83     1.344   176   12    3      0.5625    0    180     12    181     13    PDB 1dlh:A  PDB 4i0p:G
  326      0.7899       18.26       12.85     1.354   176   12    3      0.5625    0    180     12    181     13    PDB 1dlh:A  PDB 4i0p:C
  327      0.7866       12.53       10.62     1.025   162   10    5      0.5432    0    180     12    166     11    PDB 1dlh:A  PDB 6mkd:C
  328      0.5541       13.25       11.34     1.727   158   11    9      0.2532    0    180     12    188     15    PDB 1dlh:A  PDB 2bc4:A
  329      0.5487       12.56       11.02     2.083   165   12    8      0.2424    0    180     12    186     14    PDB 1dlh:A  PDB 4fqx:C
  330      0.5443       12.99       11.11     1.749   160   11    9        0.25    0    180     12    195     15    PDB 1dlh:A  PDB 2bc4:C
  331       0.534       11.65       10.66     1.853   158   12   11      0.2532    0    180     12    188     14    PDB 1dlh:A  PDB 4i0p:A
  332      0.5274       12.16       10.78     2.119   164   11    9      0.2317    0    180     12    189     13    PDB 1dlh:A  PDB 4gbx:C
  333      0.5209       12.45       10.98     1.893   157   12   11       0.242    0    180     12    188     14    PDB 1dlh:A  PDB 4i0p:E
